x_axis,y_axis,z_axis
-14,1,238
-14,1,238
-14,1,238
-14,1,238
-14,1,238
-14,1,236
-14,1,236
-14,1,236
-14,1,236
-14,1,236
-14,1,236
-14,1,236
-11,-2,237
-11,-2,237
-11,-2,237
-11,-2,237
-11,-2,237
-11,-2,237
-12,0,236
-12,0,236
-12,0,236
-12,0,236
-12,0,236
-12,0,236
-12,0,236
-12,-3,234
-12,-3,234
-12,-3,234
-12,-3,234
-12,-3,234
-12,-3,234
-12,-2,236
-12,-2,236
-12,-2,236
-12,-2,236
-12,-2,236
-12,-2,236
-12,-2,238
-12,-2,238
-12,-2,238
-12,-2,238
-12,-2,238
-12,-2,238
-12,-2,238
-9,-4,233
-9,-4,233
-9,-4,233
-9,-4,233
-9,-4,233
-9,-4,233
-9,-4,233
-12,-3,233
-12,-3,233
-12,-3,233
-12,-3,233
-12,-3,233
-12,-3,233
-12,-3,233
-11,-2,237
-11,-2,237
-11,-2,237
-11,-2,237
-11,-2,237
-11,-2,237
-12,0,236
-12,0,236
-12,0,236
-12,0,236
-12,0,236
-12,0,236
-13,0,235
-13,0,235
-13,0,235
-13,0,235
-13,0,235
-13,0,235
-13,0,235
-12,0,236
-12,0,236
-12,0,236
-12,0,236
-12,0,236
-12,0,236
-13,-1,238
-13,-1,238
-13,-1,238
-13,-1,238
-13,-1,238
-13,-1,238
-13,-1,238
-14,0,237
-14,0,237
-14,0,237
-14,0,237
-14,0,237
-14,0,237
-13,-1,236
-13,-1,236
-13,-1,236
-13,-1,236
-13,-1,236
-13,-1,236
-12,-1,241
-12,-1,241
-12,-1,241
-12,-1,241
-12,-1,241
-12,-1,241
-12,-1,241
-14,0,238
-14,0,238
-14,0,238
-14,0,238
-14,0,238
-14,0,238
-16,0,236
-16,0,236
-16,0,236
-16,0,236
-16,0,236
-16,0,236
-16,0,236
-11,-3,238
-11,-3,238
-11,-3,238
-11,-3,238
-11,-3,238
-11,-3,238
-13,-1,235
-13,-1,235
-13,-1,235
-13,-1,235
-13,-1,235
-13,-1,235
-11,-1,236
-11,-1,236
-11,-1,236
-11,-1,236
-11,-1,236
-11,-1,236
-11,-1,236
-9,-1,236
-9,-1,236
-9,-1,236
-9,-1,236
-9,-1,236
-9,-1,236
-9,-1,236
-12,-2,235
-12,-2,235
-12,-2,235
-12,-2,235
-12,-2,235
-12,-2,235
-12,0,236
-12,0,236
-12,0,236
-12,0,236
-12,0,236
-12,0,236
-12,0,236
-11,-2,231
-11,-2,231
-11,-2,231
-11,-2,231
-11,-2,231
-11,-2,231
-12,-1,240
-12,-1,240
-12,-1,240
-12,-1,240
-12,-1,240
-12,-1,240
-12,-1,240
-9,-2,239
-9,-2,239
-9,-2,239
-9,-2,239
-9,-2,239
-9,-2,239
-9,-2,239
-13,-1,236
-13,-1,236
-13,-1,236
-13,-1,236
-13,-1,236
-13,-1,236
-13,-1,236
-14,1,236
-14,1,236
-14,1,236
-14,1,236
-14,1,236
-14,1,236
-15,0,236
-15,0,236
-15,0,236
-15,0,236
-15,0,236
-15,0,236
-12,-1,236
-12,-1,236
-12,-1,236
-12,-1,236
-12,-1,236
-12,-1,236
-12,-1,236
-15,1,235
-15,1,235
-15,1,235
-15,1,235
-15,1,235
-15,1,235
-13,-1,235
-13,-1,235
-13,-1,235
-13,-1,235
-13,-1,235
-13,-1,235
-13,-1,238
-12,-3,238
-12,-3,238
-12,-3,238
-12,-3,238
-12,-3,238
-12,-3,238
-12,-1,238
-12,-1,238
-12,-1,238
-12,-1,238
-12,-1,238
-12,-1,238
-12,0,240
-12,0,240
-12,0,240
-12,0,240
-12,0,240
-12,0,240
-12,0,240
-11,0,241
-11,0,241
-11,0,241
-11,0,241
-11,0,241
-11,0,241
-13,-2,236
-13,-2,236
-13,-2,236
-13,-2,236
-13,-2,236
-13,-2,236
-13,-2,236
-12,0,236
-12,0,236
-12,0,236
-12,0,236
-12,0,236
-12,0,236
-14,1,240
-14,1,240
-14,1,240
-14,1,240
-14,1,240
-14,1,240
-14,1,240
-11,0,237
-11,0,237
-11,0,237
-11,0,237
-11,0,237
-11,0,237
-12,-1,237
-12,-1,237
-12,-1,237
-12,-1,237
-12,-1,237
-12,-1,237
-10,0,238
-10,0,238
-10,0,238
-10,0,238
-10,0,238
-10,0,238
-10,0,238
-12,-2,236
-12,-2,236
-12,-2,236
-12,-2,236
-12,-2,236
-12,-2,236
-12,-3,237
-12,-3,237
-12,-3,237
-12,-3,237
-12,-3,237
-12,-3,237
-12,-3,237
-11,-2,237
-11,-2,237
-11,-2,237
-11,-2,237
-11,-2,237
-11,-2,237
-15,0,236
-15,0,236
-15,0,236
-15,0,236
-15,0,236
-15,0,236
-13,-1,235
-13,-1,235
-13,-1,235
-13,-1,235
-13,-1,235
-13,-1,235
-13,-1,235
-13,-1,239
-13,-1,239
-13,-1,239
-13,-1,239
-13,-1,239
-13,-1,239
-11,-1,239
-11,-1,239
-11,-1,239
-11,-1,239
-11,-1,239
-11,-1,239
-11,-1,239
-11,-1,239
-11,-1,239
-11,-1,239
-11,-1,239
-11,-1,239
-11,-1,239
-14,1,238
-14,1,238
-14,1,238
-14,1,238
-14,1,238
-14,1,238
-13,0,241
-13,0,241
-13,0,241
-13,0,241
-13,0,241
-13,0,241
-13,0,241
-16,-1,238
-16,-1,238
-16,-1,238
-16,-1,238
-16,-1,238
-16,-1,238
-12,-2,234
-12,-2,234
-12,-2,234
-12,-2,234
-12,-2,234
-12,-2,234
-12,-2,234
-14,-2,234
-14,-2,234
-14,-2,234
-14,-2,234
-14,-2,234
-14,-2,234
-13,1,236
-13,1,236
-13,1,236
-13,1,236
-13,1,236
-13,1,236
-13,0,239
-13,0,239
-13,0,239
-13,0,239
-13,0,239
-13,0,239
-13,0,239
-12,0,235
-12,0,235
-12,0,235
-12,0,235
-12,0,235
-12,0,235
-11,-1,233
-11,-1,233
-11,-1,233
-11,-1,233
-11,-1,233
-11,-1,233
-11,-1,233
-13,-1,238
-13,-1,238
-13,-1,238
-13,-1,238
-13,-1,238
-13,-1,238
-11,-3,237
-11,-3,237
-11,-3,237
-11,-3,237
-11,-3,237
-11,-3,237
-12,-2,235
-12,-2,235
-12,-2,235
-12,-2,235
-12,-2,235
-12,-2,235
-12,-2,235
-12,-1,237
-12,-1,237
-12,-1,237
-12,-1,237
-12,-1,237
-12,-1,237
-11,-1,237
-11,-1,237
-11,-1,237
-11,-1,237
-11,-1,237
-11,-1,237
-13,1,237
-13,1,237
-13,1,237
-13,1,237
-13,1,237
-13,1,237
-13,1,237
-12,1,237
-12,1,237
-12,1,237
-12,1,237
-12,1,237
-12,1,237
-13,-3,234
-13,-3,234
-13,-3,234
-13,-3,234
-13,-3,234
-13,-3,234
-13,-3,234
-12,1,238
-12,1,238
-12,1,238
-12,1,238
-12,1,238
-12,1,238
-13,2,240
-13,2,240
-13,2,240
-13,2,240
-13,2,240
-13,2,240
-13,2,240
-13,-1,237
-13,-1,237
-13,-1,237
-13,-1,237
-13,-1,237
-13,-1,237
-13,1,239
-13,1,239
-13,1,239
-13,1,239
-13,1,239
-13,1,239
-15,1,237
-15,1,237
-15,1,237
-15,1,237
-15,1,237
-15,1,237
-15,1,237
-13,-1,237
-13,-1,237
-13,-1,237
-13,-1,237
-13,-1,237
-13,-1,237
-12,2,235
-12,2,235
-12,2,235
-12,2,235
-12,2,235
-12,2,235
-12,2,235
-14,-2,238
-14,-2,238
-14,-2,238
-14,-2,238
-14,-2,238
-14,-2,238
-13,-1,236
-13,-1,236
-13,-1,236
-13,-1,236
-13,-1,236
-13,-1,236
-12,0,236
-12,0,236
-12,0,236
-12,0,236
-12,0,236
-12,0,236
-12,0,236
-11,0,236
-11,0,236
-11,0,236
-11,0,236
-11,0,236
-11,0,236
-13,-4,236
-13,-4,236
-13,-4,236
-13,-4,236
-13,-4,236
-13,-4,236
-13,-4,236
-13,-2,237
-13,-2,237
-13,-2,237
-13,-2,237
-13,-2,237
-13,-2,237
-14,-1,237
-14,-1,237
-14,-1,237
-14,-1,237
-14,-1,237
-14,-1,237
-12,-3,236
-12,-3,236
-12,-3,236
-12,-3,236
-12,-3,236
-12,-3,236
-12,-3,236
-12,-3,239
-12,-3,239
-12,-3,239
-12,-3,239
-12,-3,239
-12,-3,239
-12,-2,237
-12,-2,237
-12,-2,237
-12,-2,237
-12,-2,237
-12,-2,237
-12,-1,236
-12,-1,236
-12,-1,236
-12,-1,236
-12,-1,236
-12,-1,236
-12,-1,236
-15,-1,234
-15,-1,234
-15,-1,234
-15,-1,234
-15,-1,234
-15,-1,234
-14,0,235
-14,0,235
-14,0,235
-14,0,235
-14,0,235
-14,0,235
-14,0,235
-14,-1,235
-14,-1,235
-14,-1,235
-14,-1,235
-14,-1,235
-14,-1,235
-14,0,239
-14,0,239
-14,0,239
-14,0,239
-14,0,239
-14,0,239
-11,-1,237
-11,-1,237
-11,-1,237
-11,-1,237
-11,-1,237
-11,-1,237
-11,-1,237
-12,-1,239
-12,-1,239
-12,-1,239
-12,-1,239
-12,-1,239
-12,-1,239
-13,0,236
-13,0,236
-13,0,236
-13,0,236
-13,0,236
-13,0,236
-13,0,236
-13,1,235
-13,1,235
-13,1,235
-13,1,235
-13,1,235
-13,1,235
-13,0,237
-13,0,237
-13,0,237
-13,0,237
-13,0,237
-13,0,237
-13,0,235
-12,-2,235
-12,-2,235
-12,-2,235
-12,-2,235
-12,-2,235
-12,-2,235
-13,0,235
-13,0,235
-13,0,235
-13,0,235
-13,0,235
-13,0,235
-8,-1,240
-8,-1,240
-8,-1,240
-8,-1,240
-8,-1,240
-8,-1,240
-8,-1,240
-8,-1,240
-12,-2,239
-12,-2,239
-12,-2,239
-12,-2,239
-12,-2,239
-12,-2,239
-15,0,241
-15,0,241
-15,0,241
-15,0,241
-15,0,241
-15,0,241
-15,0,241
-12,0,239
-12,0,239
-12,0,239
-12,0,239
-12,0,239
-12,0,239
-11,-1,237
-11,-1,237
-11,-1,237
-11,-1,237
-11,-1,237
-11,-1,237
-11,-1,237
-12,1,236
-12,1,236
-12,1,236
-12,1,236
-12,1,236
-12,1,236
-12,-2,237
-12,-2,237
-12,-2,237
-12,-2,237
-12,-2,237
-12,-2,237
-12,-2,238
-12,-2,238
-12,-2,238
-12,-2,238
-12,-2,238
-12,-2,238
-12,-2,238
-12,-2,238
-12,-2,238
-12,-2,238
-12,-2,238
-12,-2,238
-12,-2,238
-10,0,238
-10,0,238
-10,0,238
-10,0,238
-10,0,238
-10,0,238
-10,0,238
-13,1,238
-13,1,238
-13,1,238
-13,1,238
-13,1,238
-13,1,238
-15,-1,240
-15,-1,240
-15,-1,240
-15,-1,240
-15,-1,240
-15,-1,240
-12,-2,239
-12,-2,239
-12,-2,239
-12,-2,239
-12,-2,239
-12,-2,239
-12,-2,239
-12,-1,239
-12,-1,239
-12,-1,239
-12,-1,239
-12,-1,239
-12,-1,239
-12,-1,238
-12,-1,238
-12,-1,238
-12,-1,238
-12,-1,238
-12,-1,238
-12,-1,238
-13,-1,236
-13,-1,236
-13,-1,236
-13,-1,236
-13,-1,236
-13,-1,236
-13,-1,236
-13,-1,236
-13,-1,236
-13,-1,236
-13,-1,236
-13,-1,236
-13,-1,237
-13,-1,237
-13,-1,237
-13,-1,237
-13,-1,237
-13,-1,237
-13,-1,237
-13,-2,239
-13,-2,239
-13,-2,239
-13,-2,239
-13,-2,239
-13,-2,239
-12,-1,238
-12,-1,238
-12,-1,238
-12,-1,238
-12,-1,238
-12,-1,238
-14,-2,236
-14,-2,236
-14,-2,236
-14,-2,236
-14,-2,236
-14,-2,236
-14,-2,236
-13,-3,239
-13,-3,239
-13,-3,239
-13,-3,239
-13,-3,239
-13,-3,239
-14,-1,236
-14,-1,236
-14,-1,236
-14,-1,236
-14,-1,236
-14,-1,236
-11,-2,239
-11,-2,239
-11,-2,239
-11,-2,239
-11,-2,239
-11,-2,239
-11,-2,239
-11,-3,236
-11,-3,236
-11,-3,236
-11,-3,236
-11,-3,236
-11,-3,236
-10,-1,237
-10,-1,237
-10,-1,237
-10,-1,237
-10,-1,237
-10,-1,237
-14,1,235
-14,1,235
-14,1,235
-14,1,235
-14,1,235
-14,1,235
-14,1,235
-13,-2,232
-13,-2,232
-13,-2,232
-13,-2,232
-13,-2,232
-13,-2,232
-15,1,239
-15,1,239
-15,1,239
-15,1,239
-15,1,239
-15,1,239
-15,1,239
-13,1,238
-13,1,238
-13,1,238
-13,1,238
-13,1,238
-13,1,238
-13,-1,239
-13,-1,239
-13,-1,239
-13,-1,239
-13,-1,239
-13,-1,239
-12,-2,239
-12,-2,239
-12,-2,239
-12,-2,239
-12,-2,239
-12,-2,239
-12,-2,239
-12,-3,237
-12,-3,237
-12,-3,237
-12,-3,237
-12,-3,237
-12,-3,237
-15,1,236
-15,1,236
-15,1,236
-15,1,236
-15,1,236
-15,1,236
-15,1,236
-11,-2,238
-11,-2,238
-11,-2,238
-11,-2,238
-11,-2,238
-11,-2,238
-9,-1,238
-9,-1,238
-9,-1,238
-9,-1,238
-9,-1,238
-9,-1,238
-9,-1,238
-13,0,234
-13,0,234
-13,0,234
-13,0,234
-13,0,234
-13,0,234
-13,0,234
-12,0,237
-12,0,237
-12,0,237
-12,0,237
-12,0,237
-12,0,237
-12,0,236
-12,0,236
-12,0,236
-12,0,236
-12,0,236
-12,0,236
-12,0,236
-13,1,239
-13,1,239
-13,1,239
-13,1,239
-13,1,239
-13,1,239
-13,-1,239
-13,-1,239
-13,-1,239
-13,-1,239
-13,-1,239
-13,-1,239
-13,-1,239
-12,0,239
-12,0,239
-12,0,239
-12,0,239
-12,0,239
-12,0,239
-12,-2,243
-12,-2,243
-12,-2,243
-12,-2,243
-12,-2,243
-12,-2,243
-12,-2,243
-14,1,241
-14,1,241
-14,1,241
-14,1,241
-14,1,241
-14,1,241
-17,1,236
-17,1,236
-17,1,236
-17,1,236
-17,1,236
-17,1,236
-17,1,236
-14,-2,236
-14,-2,236
-14,-2,236
-14,-2,236
-14,-2,236
-14,-2,236
-13,-1,234
-13,-1,234
-13,-1,234
-13,-1,234
-13,-1,234
-13,-1,234
-10,-2,232
-10,-2,232
-10,-2,232
-10,-2,232
-10,-2,232
-10,-2,232
-10,1,233
-14,1,233
-14,1,233
-14,1,233
-14,1,233
-14,1,233
-14,1,233
-9,-8,232
-9,-8,232
-9,-8,232
-9,-8,232
-9,-8,232
-9,-8,232
-9,-8,232
-13,-3,234
-13,-3,234
-13,-3,234
-13,-3,234
-13,-3,234
-13,-3,234
-13,-3,234
-11,-2,234
-11,-2,234
-11,-2,234
-11,-2,234
-11,-2,234
-11,-2,234
-13,-1,235
-13,-1,235
-13,-1,235
-13,-1,235
-13,-1,235
-13,-1,235
-12,-2,238
-12,-2,238
-12,-2,238
-12,-2,238
-12,-2,238
-12,-2,238
-12,-2,238
-11,-4,235
-11,-4,235
-11,-4,235
-11,-4,235
-11,-4,235
-11,-4,235
-12,-1,236
-12,-1,236
-12,-1,236
-12,-1,236
-12,-1,236
-12,-1,236
-11,-1,238
-11,-1,238
-11,-1,238
-11,-1,238
-11,-1,238
-11,-1,238
-11,-1,238
-11,-1,238
-11,-1,238
-11,-1,238
-11,-1,238